10000000000000000000000000000000000
111111111000000000000000000000000000000
111111111000000000000000000000000000000
111111111000000000000000000000000000000
111111111000000000000000000000000000000
111111111000000000000000000000000000000
111111111000000000000000000000000000000
10000000000000000000000000000000000
10000000000000000000000000000000000
10000000000000000000000000000000000
10000000000000000000000000000000000
10000000000000000000000000000000000
10000000000000000000000000000000000
10000000000000000000000000000000000
10000000000000000000000000000000000
10000000000000000000000000000000000
10000000000000000000000000000000000
10000000000000000000000000000000000
10000000000000000000000000000000000
10000000000000000000000000000000000
10000000000000000000000000000000000
10000000000000000000000000000000000
10000000000000000000000000000000000
10000000000000000000000000000000000
10000000000000000000000000000000000
10000000000000000000000000000000000
10000000000000000000000000000000000
10000000000000000000000000000000000
10000000000000000000000000000000000
10000000000000000000000000000000000
10000000000000000000000000000000000
10000000000000000000000000000000000
10000000000000000000000000000000000
10000000000000000000000000000000000
10000000000000000000000000000000000
10000000000000000000000000000000000
10000000000000000000000000000000000
10000000000000000000000000000000000
10000000000000000000000000000000000
10000000000000000000000000000000000
10000000000000000000000000000000000
10000000000000000000000000000000000
10000000000000000000000000000000000
10000000000000000000000000000000000
11111111111111111111111111111111111
